# Created by Octave 4.2.2, Fri Mar 06 13:30:33 2020 CET <frieder@DellLatitudeE6540>
# name: scale
# type: matrix
# rows: 20
# columns: 1
 5
 10
 15
 20
 25
 30
 35
 40
 45
 50
 55
 60
 65
 70
 75
 80
 85
 90
 95
 100


# name: means
# type: matrix
# rows: 20
# columns: 4
 0.78 3.46 0.006326129786755405 0.03974184989929199
 0.71 3.68 0.006249476255346116 0.03186995267868042
 0.6 3.79 0.004996534422797298 0.03008731842041016
 0.46 3.94 0.004465995027461566 0.03134993791580201
 0.49 3.61 0.003510262991296501 0.03613877296447754
 0.67 3.51 0.001372302223033448 0.04591991424560547
 0.73 3.27 0.0005976984805449601 0.05718017816543579
 0.77 3.23 5.530433807822901e-05 0.07078518867492675
 0.78 3.3 1.854021679082255e-05 0.08145958900451661
 0.77 3.31 8.82461959203734e-05 0.1020535254478455
 0.79 3.25 9.064933875402837e-05 0.1171083474159241
 0.79 3.21 0.000210118512428094 0.141989541053772
 0.73 3.35 0.0001841176914704038 0.1511407852172852
 0.8 3.24 7.4319308583478e-05 0.171236846446991
 0.76 3.24 0.0001464688051403928 0.1921664786338806
 0.78 3.22 8.805248694092176e-05 0.2186622333526611
 0.77 3.24 0.0001852175638863736 0.2437769651412964
 0.78 3.23 0.0001197129139907232 0.27461993932724
 0.7 3.32 0.0001543984644649043 0.3011705827713013
 0.8 3.24 0.0001602124665026534 0.3360986423492431


# name: stds
# type: matrix
# rows: 20
# columns: 4
 0.4142463035441591 1.090137605992932 0.002077438412380347 0.01925736313853031
 0.4537620521815368 1.605490579231158 0.002440159235670986 0.01406840927117731
 0.4898979485566355 1.601842688905498 0.002706393658129353 0.009762780517894551
 0.4983974317750847 1.535057002198942 0.003212692262383387 0.004735080236437587
 0.4998999899979992 0.7196526940128829 0.003279079986664726 0.002104977505447556
 0.47021271782035 1.004937809021036 0.00253770476286881 0.00249963071623989
 0.4439594576084625 0.4439594576084625 0.001351318678338824 0.005421642361064889
 0.4208325082500161 0.4208325082500161 0.0002255280904317174 0.004950348299451041
 0.4142463035441593 0.7810249675906663 9.476719990528892e-05 0.00326199672881122
 0.4208325082500161 0.783517708797957 0.0004788014396291422 0.00832368721645765
 0.4073082370883263 0.6224949798994366 0.0005297199833727756 0.006148367303345986
 0.4073082370883263 0.4073082370883263 0.0008724329224358151 0.007208272269925933
 0.4439594576084625 0.7921489758877431 0.0008430314554161325 0.009621772733592075
 0.3999999999999996 0.6183849933496123 0.0003801972804092609 0.006686151147278318
 0.4270831300812528 0.4270831300812528 0.0007139157959395914 0.009270434359320682
 0.4142463035441592 0.41424630354416 0.0005435596500923051 0.01020161697928289
 0.4208325082500161 0.4498888751680801 0.0007553821999615162 0.01033670879634071
 0.4142463035441591 0.4439594576084623 0.0004720447427419914 0.01421361167954958
 0.4582575694955838 0.5075431016179806 0.0006822787323447494 0.01430147440152574
 0.3999999999999997 0.6183849933496125 0.0006396061164921137 0.0126899373626945


# name: theta
# type: matrix
# rows: 2
# columns: 1
 -1.258350152800885
 -1.805718405957347


# name: rho
# type: scalar
-0.8122500389620615


