# Created by Octave 4.2.2, Fri Mar 06 13:35:02 2020 CET <frieder@DellLatitudeE6540>
# name: scale
# type: matrix
# rows: 20
# columns: 1
 5
 10
 15
 20
 25
 30
 35
 40
 45
 50
 55
 60
 65
 70
 75
 80
 85
 90
 95
 100


# name: means
# type: matrix
# rows: 20
# columns: 4
 0.62 2.68 0.005485425576918381 0.02546314477920532
 0.72 2.59 0.004297567266447391 0.01938849925994873
 0.87 2.25 0.002116277088091593 0.0223786211013794
 0.98 2.02 0.0004052595488822289 0.02964175224304199
 1 2 6.544399919491243e-05 0.03725231409072876
 0.99 2.02 1.293285081074133e-05 0.0472280740737915
 1 2 9.651357091090006e-07 0.05913342952728271
 0.97 2.11 0.0001646106050264412 0.0701042366027832
 0.99 2.02 3.493695311563263e-06 0.08229718446731567
 0.98 2.04 1.477477435927978e-05 0.1004306507110596
 1 2 1.32476466309105e-10 0.1192887377738953
 0.98 2.05 0.0001145734965577408 0.1444371938705444
 1 2 9.890509546063407e-11 0.1567203569412231
 0.98 2.09 0.0001265263556039992 0.1721065783500672
 0.98 2.05 0.0001402961208637231 0.1952184867858887
 1 2 6.648629742671661e-11 0.2207661318778992
 1 2 9.002374895889339e-11 0.2505394220352173
 0.99 2.02 6.364935942820858e-05 0.2817627096176147
 0.99 2.02 1.025499980537768e-05 0.3123380303382873
 0.99 2.02 1.669048166275301e-06 0.3395059370994568


# name: stds
# type: matrix
# rows: 20
# columns: 4
 0.4853864439804638 1.287478155154487 0.003102847077536213 0.00892475036128452
 0.4489988864128727 1.46352314638341 0.003070568879118937 0.00520494073426868
 0.3363034344160045 1.052378258992459 0.002549933817661703 0.001999825756171691
 0.1399999999999999 0.1399999999999999 0.0007413904290043653 0.001327820942216341
 0 0 0.0001888884240581463 0.002163734493562029
 0.09949874371066195 0.1989974874213239 4.590623623601312e-05 0.001827035102246576
 0 0 3.241961779768892e-06 0.00323027444280498
 0.1705872210923197 0.7469270379361012 0.001108211146108035 0.001994922565625208
 0.09949874371066199 0.198997487421324 3.46263413488125e-05 0.001896040255483125
 0.1399999999999999 0.2799999999999998 0.0001437882998019708 0.006006224036333285
 0 0 6.882109578393874e-10 0.004270492284272015
 0.14 0.3570714214271424 0.000915985018849619 0.005226514490089551
 0 0 3.035993878624125e-10 0.005853069550771659
 0.14 0.7224264668462802 0.0009460751734913603 0.004095333581701833
 0.1399999999999999 0.3570714214271422 0.0009867022419212004 0.004416574482664788
 0 0 2.172178837216935e-10 0.004093744092240824
 0 0 2.870064851448789e-10 0.008207700523539072
 0.09949874371066193 0.1989974874213239 0.0006333026519815083 0.01095736451023311
 0.09949874371066195 0.1989974874213239 0.0001020354488577528 0.01194347201933608
 0.09949874371066193 0.1989974874213239 1.660676889955624e-05 0.04042849103869992


# name: theta
# type: matrix
# rows: 2
# columns: 1
 3.074400994805583
 -4.119098885388081


# name: rho
# type: scalar
-0.5565050097415494


