# Created by Octave 5.2.0, Wed May 10 19:54:11 2023 AEST <oliver@magrathea>
# name: In
# type: matrix
# rows: 1
# columns: 200
 65.999977000000001 65.138855000000007 63.340072999999997 62.746864000000002 62.459823999999998 63.225265999999998 67.626534000000007 67.951842999999997 66.765418999999994 70.056808000000004 70.133353999999997 70.018531999999993 68.946915000000004 68.812957999999995 69.425315999999995 68.545058999999995 68.143203999999997 68.162338000000005 68.200607000000005 67.932709000000003 67.243813000000003 66.918509999999998 67.205535999999995 67.760482999999994 67.454314999999994 67.703079000000002 66.420967000000005 65.712943999999993 65.368492000000003 65.483306999999996 65.368492000000003 65.387626999999995 65.368492000000003 64.698738000000006 64.851821999999999 64.564780999999996 65.942565999999999 66.095657000000003 66.535781999999998 64.507369999999995 65.024039999999999 65.062308999999999 65.445037999999997 65.598113999999995 65.253676999999996 66.535781999999998 66.918509999999998 67.090728999999996 66.306160000000006 67.473442000000006 66.095657000000003 66.019112000000007 66.076515000000001 65.999977000000001 65.808616999999998 64.622185000000002 65.406761000000003 65.751213000000007 65.789490000000001 66.229613999999998 65.999977000000001 66.497512999999998 66.229613999999998 65.885161999999994 63.914158 61.809196 55.436920000000001 54.824570000000001 54.518391000000001 54.307896 54.078265999999999 54.059131999999998 55.647415000000002 57.446198000000003 58.728306000000003 58.747444000000002 58.957934999999999 58.345588999999997 57.312244 56.546802999999997 55.838776000000003 55.513461999999997 55.360377999999997 55.513461999999997 54.881976999999999 55.666553 55.877048000000002 55.207287000000001 55.264693999999999 54.728889000000002 56.164088999999997 56.833846999999999 58.211635999999999 58.690033 58.307316 58.135089999999998 58.613491000000003 58.154223999999999 58.881397 58.919665999999999 58.594357000000002 59.187569000000003 58.843124000000003 59.704242999999998 60.680176000000003 61.082031000000001 60.316592999999997 60.010418000000001 60.067824999999999 60.278320000000001 59.972144999999998 60.278320000000001 60.699309999999997 60.948081999999999 60.699309999999997 60.412272999999999 60.565356999999999 60.641907000000003 61.445618000000003 61.273392000000001 62.211052000000002 63.053035999999999 62.440688999999999 62.478957999999999 62.517223000000001 62.287598000000003 62.440688999999999 63.301806999999997 63.952423000000003 63.550567999999998 63.225265999999998 61.407344999999999 61.847468999999997 62.096237000000002 61.924019000000001 62.919086 63.837612 64.239470999999995 64.392555000000002 64.048111000000006 63.588839999999998 64.679596000000004 65.245757999999995 64.484359999999995 64.562454000000002 64.640548999999993 64.211044000000001 63.801063999999997 63.801063999999997 64.191520999999995 65.343376000000006 66.026679999999999 66.280479 66.026679999999999 66.651413000000005 66.768555000000006 66.963783000000006 67.334723999999994 67.705658 68.310867000000002 68.545142999999996 68.467049000000003 67.764221000000006 67.744704999999996 67.100441000000004 67.939926 68.369438000000002 68.564667 67.939926 68.369438000000002 68.916077000000001 67.393287999999998 66.456183999999993 66.085243000000006 67.159012000000004 66.866164999999995 67.354240000000004 68.271820000000005 68.798942999999994 69.267493999999999 67.783752000000007 68.135161999999994 67.061394000000007 66.104774000000006 66.631896999999995 67.588515999999998 67.725173999999996 67.061394000000007 66.827117999999999 67.588515999999998 68.037543999999997 64.952918999999994 63.391083000000002 65.577652 65.909537999999998 65.733833000000004 65.655745999999994 65.440994000000003 66.514754999999994 66.924735999999996


# name: Eval
# type: matrix
# rows: 1
# columns: 50
 66.709975999999997 67.159012000000004 67.471382000000006 67.920410000000004 67.861832000000007 66.905212000000006 66.592849999999999 67.198051000000007 66.846648999999999 65.714309999999998 65.733833000000004 64.581985000000003 63.937721000000003 63.488692999999998 63.762016000000003 63.976768 63.605834999999999 64.015816000000001 64.211044000000001 63.840107000000003 63.352035999999998 60.306449999999998 60.325974000000002 60.404063999999998 58.666519000000001 58.295586 58.686042999999998 59.096026999999999 59.974559999999997 60.774997999999997 59.798850999999999 59.857422 59.720759999999999 59.252209000000001 59.310775999999997 59.408394000000001 59.154594000000003 59.232684999999996 58.881270999999998 58.295586 58.783661000000002 58.920318999999999 59.545054999999998 59.135075000000001 59.232684999999996 59.779330999999999 59.818375000000003 58.978886000000003 59.447440999999998 59.974559999999997


# name: Test
# type: matrix
# rows: 1
# columns: 50
 60.325974000000002 59.798850999999999 60.423588000000002 57.748939999999997 58.217491000000003 58.178443999999999 56.089489 57.495144000000003 58.041786000000002 56.538513000000002 57.846553999999998 59.876944999999999 59.056980000000003 56.948498000000001 57.573234999999997 56.518996999999999 56.577559999999998 56.714221999999999 56.655655000000003 55.601413999999998 55.113337999999999 54.449558000000003 54.351944000000003 54.312897 54.234805999999999 53.414845 52.067757 52.243465 51.521113999999997 52.282513000000002 52.341076000000001 52.633923000000003 54.430034999999997 54.430034999999997 54.176239000000002 53.434367999999999 52.731537000000003 53.102474000000001 53.161040999999997 51.735866999999999 52.653446000000002 53.043906999999997 52.028708999999999 53.395321000000003 54.117668000000002 55.074291000000002 55.152386 55.425705000000001 55.83569 55.777118999999999


