# Created by Octave 4.2.2, Fri Mar 06 14:41:03 2020 CET <frieder@DellLatitudeE6540>
# name: S
# type: matrix
# rows: 20
# columns: 8
 12 15 8 11 4 7 0 3
 148 84 52 36 28 24 22 21
 2 12 21 29 36 42 47 51
 2 3 5 9 17 33 65 129
 2 5 8 11 14 17 20 23
 2 5 9 19 37 75 149 299
 25 22 19 16 13 10 7 4
 28 33 31 36 34 39 37 42
 3 6 12 24 48 96 192 384
 3 7 15 31 63 127 255 511
 4 11 15 26 41 67 108 175
 5 6 7 8 10 11 14 15
 54 48 42 36 30 24 18 12
 6 8 5 7 4 6 3 5
 6 9 18 21 42 45 90 93
 7 10 9 12 11 14 13 16
 8 10 14 18 26 34 50 66
 8 12 10 16 12 20 14 24
 8 12 16 20 24 28 32 36
 9 20 6 17 3 14 0 11


# name: Data
# type: matrix
# ndims: 3
 20 5 4
 3
 21
 51
 128
 23
 299
 4
 40
 384
 511
 175
 16
 12
 5
 85
 16
 67
 24
 36
 11
 -20
 21
 52
 128
 23
 299
 4
 40
 384
 511
 175
 16
 12
 5
 85
 16
 67
 24
 36
 -0
 -10
 21
 50
 128
 23
 299
 4
 39
 384
 511
 175
 16
 12
 3
 86
 14
 68
 19
 36
 20
 -11
 21
 51
 129
 23
 298
 4
 39
 384
 511
 174
 16
 12
 -8
 86
 14
 67
 -38
 36
 -21
 3
 21
 51
 129
 23
 299
 4
 42
 384
 511
 175
 15
 12
 5
 89
 16
 66
 24
 36
 11
 4.2
 19.281
 74.82299999999999
 126.851
 22.87
 296.244
 4.874
 28.27
 384
 509.612
 122.954
 15.331
 14.217
 -23.758
 95.126
 6.946
 70.511
 0.318
 32.922
 216.503
 -16.395
 22.788
 67.68000000000001
 126.653
 23.178
 306.425
 4.431
 28.049
 384
 511.244
 165.213
 11.56
 12.797
 4.799
 93.429
 -0.59
 68.36499999999999
 -59.646
 36.035
 86.878
 -62.57
 17.904
 59.127
 126.643
 22.488
 281.161
 4.617
 26.09
 384
 511.135
 206.475
 18.208
 13.129
 -8.762
 71.383
 14.668
 69.41800000000001
 -12.672
 36.035
 -57.982
 -40.667
 10.592
 -10379238123.283
 143.149
 -4587146.154
 -5620939753.3
 3.995
 -2.491
 384
 517.085
 7844350.375
 -164804024208.92
 10.499
 -64.083
 -84176199087.535
 430798.479
 -134716818026.51
 -15943.013
 35.813
 356360.372
 -29.172
 21
 51
 129.002
 -543089.393
 299
 4
 36.451
 384
 511
 175
 326.956
 -6653822.414
 4.763
 5069.761
 14.016
 74.074
 -17995.676
 35.995
 8.077999999999999
 -20
 21
 51
 128
 23
 299
 4
 35
 384
 511
 174
 16
 12
 -1
 86
 11
 68
 6
 36
 11
 -22
 21
 51
 128
 23
 299
 4
 34
 384
 511
 175
 16
 12
 -2
 86
 10
 69
 1
 36
 11
 -25
 20
 51.5
 128
 23
 299
 4
 33
 384
 511
 174
 17
 13
 -2
 87
 9
 69
 5
 36
 3.5
 -20
 19
 -9
 128
 23
 297
 4
 14
 384
 511
 77.5
 15
 12
 -9
 77
 -12
 66
 -35.5
 36
 -48.5
 3
 21
 51
 129
 23
 299
 4
 42
 384
 511
 175
 15
 12
 5
 89
 16
 65
 22
 36
 11
 22
 376
 54
 238
 569
 317
 728
 51
 1000
 489
 106
 238
 565
 67
 16
 68
 119
 31
 596
 15
 13
 422
 41
 242
 576
 337
 682
 34
 1000
 715
 90
 211
 581
 74
 26
 59
 120
 20
 701
 5
 13
 294
 11
 168
 442
 161
 562
 13
 1000
 676
 34
 110
 415
 21
 25
 34
 68
 11
 720
 6
 8
 320
 32
 232
 447
 110
 645
 18
 1000
 726
 37
 85
 472
 27
 3
 29
 66
 9
 778
 5
 334
 1000
 1000
 999
 997
 1000
 1000
 763
 1000
 1000
 1000
 432
 998
 871
 11
 733
 410
 180
 998
 572


# name: Out
# type: matrix
# rows: 20
# columns: 1
 3
 21
 51
 129
 23
 299
 4
 42
 384
 511
 175
 15
 12
 5
 93
 16
 66
 24
 36
 11


# name: Perc1
# type: matrix
# rows: 20
# columns: 5
 0.022 0.013 0.013 0.008 0.334
 0.376 0.422 0.294 0.32 1
 0.054 0.041 0.011 0.032 1
 0.238 0.242 0.168 0.232 0.999
 0.569 0.576 0.442 0.447 0.997
 0.317 0.337 0.161 0.11 1
 0.728 0.6820000000000001 0.5620000000000001 0.645 1
 0.051 0.034 0.013 0.018 0.763
 1 1 1 1 1
 0.489 0.715 0.676 0.726 1
 0.106 0.09 0.034 0.037 1
 0.238 0.211 0.11 0.08500000000000001 0.432
 0.5649999999999999 0.581 0.415 0.472 0.998
 0.067 0.074 0.021 0.027 0.871
 0.016 0.026 0.025 0.003 0.011
 0.068 0.059 0.034 0.029 0.733
 0.119 0.12 0.068 0.066 0.41
 0.031 0.02 0.011 0.008999999999999999 0.18
 0.596 0.701 0.72 0.778 0.998
 0.015 0.005 0.006 0.005 0.572


# name: Perc2
# type: matrix
# rows: 1
# columns: 5
 0.75 0.6 0.45 0.45 0.95


